# node id    kappa                theta                r                    x                    y                    z                    name                          
0            43.954               0.0108645            7.02994              139.218291631        118.229508197        45.0431406385        lh_isthmuscingulate_1_1       
1            28.9054              0.0238127            7.86817              166.871473354        118.120689655        46.8636363636        lh_precuneus_2_4              
2            45.6753              0.0301076            6.95311              178.562248996        123.096385542        58.0254350736        lh_superiorparietal_3_5       
3            41.6933              0.0304302            7.13555              138.960172228        102.80409042         42.82131324          rh_isthmuscingulate_1_1       
4            33.5471              0.0672272            7.57033              158.893512852        103.05752754         45.6731946144        rh_precuneus_1_3              
5            40.3351              0.0909775            7.20178              165.620261032        104.402113114        59.8993163456        rh_precuneus_2_4              
6            37.2605              0.205578             7.36036              163.935666982        117.295175024        54.4749290445        lh_precuneus_2_3              
7            47.6614              0.243693             6.86798              155.673913043        94.584120983         81.7344045369        rh_superiorparietal_1_2       
8            51.8702              0.388459             6.69874              172.869135802        92.6567901235        56.0382716049        rh_superiorparietal_3_5       
9            44.5511              0.420235             7.00295              167.279683377        92.3614775726        73.7150395778        rh_superiorparietal_2_3       
10           46.5547              0.476833             6.91497              90.3761061947        88.9277286136        18.3628318584        rh_amygdala                   
11           67.7787              0.54514              6.16373              185.898224852        98.3195266272        44.6781065089        rh_superiorparietal_3_7       
12           42.4636              0.598092             7.09893              175.448497854        99.8508583691        9.60622317597        rh_lingual_1_1                
13           27.9078              0.715312             7.93842              161.749199573        84.2561366062        12.3660618997        rh_fusiform_1_1               
14           32.328               0.720935             7.64436              175.407185629        89.7844311377        42.3383233533        rh_superiorparietal_3_6       
15           40.4797              0.790825             7.19462              104.431155779        76.816080402         9.38994974874        rh_fusiform_2_4               
16           31.6661              0.805283             7.68573              131.43079096         79.7344632768        12.0310734463        rh_fusiform_2_3               
17           16.193               0.821613             9.02707              183.028290283        84.6396063961        22.1918819188        rh_lateraloccipital_1_2       
18           28.1452              0.836069             7.92148              174.35347432         80.2311178248        13.6336858006        rh_lateraloccipital_2_4       
19           23.3068              0.840592             8.29874              112.150224215        69.7533632287        37.5896860987        rh_transversetemporal_1_1     
20           37.3747              0.845654             7.35424              174.493015612        78.2654067379        38.7263763353        rh_inferiorparietal_3_6       
21           8.86265              0.873193             10.2325              158.27092511         69.0803964758        20.6674008811        rh_lateraloccipital_3_5       
22           21.2131              0.87978              8.48699              148.176220807        78.3163481953        12.9002123142        rh_fusiform_1_2               
23           9.22123              0.892243             10.1532              127.324632953        60.969004894         12.4584013051        rh_inferiortemporal_2_3       
24           21.5684              0.953565             8.45377              112.404591105        63.6628407461        9.84218077475        rh_inferiortemporal_1_2       
25           35.4656              1.00078              7.4591               190.963464141        94.8335588633        19.2354533153        rh_lateraloccipital_1_1       
26           49.0949              1.00277              6.80872              101.445977011        56.0701149425        32.6183908046        rh_superiortemporal_1_3       
27           100.272              1.01238              5.38045              89.9717261905        70.7276785714        5.43303571429        rh_inferiortemporal_1_1       
28           44.4219              1.01444              7.00876              93.0185185185        68.1646090535        24.7654320988        rh_superiortemporal_2_4       
29           16.6793              1.05631              8.96789              184.298171589        91.6132208158        7.96905766526        rh_lateraloccipital_2_3       
30           31.0697              1.06289              7.72376              82.9651162791        61.9165526676        22.3002735978        rh_superiortemporal_2_5       
31           84.6713              1.0884               5.71867              89.0318754633        59.3439584878        10.0303928836        rh_middletemporal_2_4         
32           29.7733              1.13345              7.809                51.7528089888        84.3183520599        31.2746566792        rh_lateralorbitofrontal_2_3   
33           15.708               1.14139              9.08789              70.9688995215        79.8373205742        7.43062200957        rh_temporalpole_1_1           
34           21.073               1.16771              8.50025              62.0295420975        91.9852289513        25.4047267356        rh_lateralorbitofrontal_1_1   
35           21.2238              1.19375              8.48598              36.1617647059        92.8004201681        32.6092436975        rh_lateralorbitofrontal_2_4   
36           43.0834              1.23817              7.06995              48.5527876631        67.8113879004        34.0569395018        rh_parsorbitalis_1_1          
37           27.9607              1.24086              7.93463              65.1774193548        77.8695014663        31.1011730205        rh_lateralorbitofrontal_1_2   
38           41.9547              1.26157              7.12305              30.6630727763        89.6185983827        53.5997304582        rh_rostralmiddlefrontal_2_5   
39           129.135              1.33883              4.87451              89.4249694377        85.6509779951        36.0893948655        rh_putamen                    
40           37.3802              1.34677              7.35395              93.2952586207        75.7952586207        37.0301724138        rh_insula_1_2                 
41           44.8776              1.35223              6.98835              111.074450085        79.255499154         42.3959390863        rh_insula_1_1                 
42           35.2041              1.35632              7.4739               115.152990264        57.4422809458        32.7941585535        rh_superiortemporal_1_2       
43           35.6998              1.42373              7.44594              125.729083665        60.7065073041        39.1102257636        rh_superiortemporal_1_1       
44           43.0854              1.43503              7.06986              64.2489959839        71.2677376171        44.5769745649        rh_parstriangularis_1_1       
45           23.849               1.44033              8.25275              78.3586698337        77.539192399         37.190023753         rh_insula_2_3                 
46           26.936               1.44986              8.0093               119.415289256        57.8223140496        23.7727272727        rh_middletemporal_1_2         
47           32.8637              1.49075              7.61149              59.6664254703        60.7489146165        45.9696092619        rh_parstriangularis_1_2       
48           19.2673              1.49095              8.67941              123.602584814        68.6672051696        47.9911147011        rh_supramarginal_2_4          
49           27.4353              1.51488              7.97257              124.610606061        58.1045454545        58.9242424242        rh_supramarginal_2_3          
50           21.3226              1.51762              8.4767               132.239478958        63.50501002          33.7675350701        rh_bankssts_1_1               
51           19.7426              1.57818              8.63067              110.263318113        56.2557077626        19.5783866058        rh_middletemporal_2_3         
52           34.7479              1.59841              7.49999              138.802997859        57.1723768737        23.8618843683        rh_middletemporal_1_1         
53           18.1333              1.62138              8.80073              165.967509025        73.1200361011        47.6768953069        rh_inferiorparietal_2_4       
54           37.3934              1.64979              7.35324              141.603174603        61.3470899471        12.4317460317        rh_inferiortemporal_2_4       
55           8.74861              1.66141              10.2584              151.958684654        68.8431703204        34.3811129848        rh_inferiorparietal_3_5       
56           18.2723              1.68273              8.78546              140.043433299        58.9917269907        55.9865563599        rh_supramarginal_1_2          
57           18.6915              1.7086               8.74009              149.862689394        65.8579545455        55.4071969697        rh_inferiorparietal_1_2       
58           18.9245              1.72658              8.71532              91.331797235         62.3052995392        49.2281105991        rh_precentral_1_1             
59           19.2949              1.77926              8.67655              103.21319797         63.7258883249        49.2216582064        rh_postcentral_1_1            
60           32.5947              1.83391              7.62793              166.890160183        88.8981693364        68.4736842105        rh_superiorparietal_2_4       
61           16.5235              1.83885              8.98666              135.051254089        70.066521265         67.4667393675        rh_supramarginal_1_1          
62           43.5523              1.85731              7.0483               165.485380117        74.701754386         58.6947368421        rh_inferiorparietal_2_3       
63           23.1328              1.90424              8.31372              131.729559748        80.6264150943        77.1761006289        rh_postcentral_2_4            
64           11.5475              1.91623              9.70329              107.389853138        55.3391188251        57.9439252336        rh_postcentral_1_2            
65           17.4254              1.92005              8.88037              118.42624166         67.3802816901        75.0281690141        rh_postcentral_2_3            
66           63.187               1.92444              6.30403              93.5282823041        91.9916969382        33.7872340426        rh_pallidum                   
67           32.9151              1.93147              7.60836              146.263333333        82.44                73.6286666667        rh_superiorparietal_1_1       
68           30.9964              1.94402              7.72849              153.937354988        75.8851508121        62.5011600928        rh_inferiorparietal_1_1       
69           19.7604              2.01805              8.62886              87.5661861075        60.7824377457        61.1389252949        rh_precentral_1_2             
70           24.8331              2.05398              8.17187              98.5141463415        63.7814634146        67.392195122         rh_precentral_2_3             
71           40.2531              2.12984              7.20585              107.58056266         74.3921568627        79.031543052         rh_precentral_2_4             
72           69.8069              2.17129              6.10476              110.134405303        101.089235301        36.5401988462        rh_thalamusproper             
73           38.3027              2.17131              7.30519              123.371863799        86.4641577061        85.5421146953        rh_precentral_3_5             
74           41.6626              2.17881              7.13702              75.5877616747        67.1481481481        54.0821256039        rh_parsopercularis_1_1        
75           43.8931              2.1806               7.03271              135.156050955        87.9355095541        88.4291401274        rh_postcentral_2_5            
76           38.3737              2.19019              7.30148              97.7126315789        79.2968421053        78.4621052632        rh_caudalmiddlefrontal_1_1    
77           30.5745              2.20617              7.7559               67.4978354978        70.6904761905        66.2337662338        rh_rostralmiddlefrontal_1_2   
78           45.1338              2.20941              6.97697              88.4169642857        81.9366071429        86.8616071429        rh_caudalmiddlefrontal_1_3    
79           29.3903              2.23313              7.8349               85.1083844581        70.5766871166        75.5971370143        rh_caudalmiddlefrontal_1_2    
80           39.5793              2.27276              7.23962              77.6219806763        66.6195652174        52.7258454106        rh_parsopercularis_1_2        
81           25.7901              2.34946              8.09625              60.9578947368        86.5330143541        75.6574162679        rh_rostralmiddlefrontal_1_1   
82           37.2352              2.36088              7.36172              36.1181716834        80.0657748049        41.2954292085        rh_rostralmiddlefrontal_2_6   
83           73.2755              2.36246              6.00778              83.2200151343        98.7410139992        46.4301929625        rh_caudate                    
84           32.6793              2.3667               7.62274              41.9528558477        78.5820489574        53.9211242067        rh_rostralmiddlefrontal_2_4   
85           23.9114              2.41365              8.24752              54.5858788182        76.8282423635        65.7371056585        rh_rostralmiddlefrontal_1_3   
86           30.7917              2.47497              7.74174              66.2366412214        95.18956743          85.5394402036        rh_superiorfrontal_2_4        
87           51.9629              2.48451              6.69517              42.2277777778        99.837962963         68.462962963         rh_superiorfrontal_1_2        
88           36.0371              2.51041              7.42713              59.3496168582        100.767241379        79.7691570881        rh_superiorfrontal_2_3        
89           39.083               2.51821              7.26485              47.1921708185        121.114768683        78.084519573         lh_superiorfrontal_2_3        
90           28.0042              2.56887              7.93152              68.4108241082        119.426814268        84.2054120541        lh_superiorfrontal_3_5        
91           43.5922              2.57318              7.04647              80.6322263223        126.050430504        87.3591635916        lh_superiorfrontal_3_6        
92           34.2908              2.62119              7.52647              83.1699346405        99.324929972         85.5555555556        rh_superiorfrontal_3_5        
93           34.8674              2.64623              7.49312              87.8440860215        118.369892473        83.2129032258        lh_superiorfrontal_4_7        
94           29.1184              2.66563              7.85349              91.5066666667        94.45                89.8866666667        rh_superiorfrontal_4_8        
95           26.2619              2.72912              8.05999              114.548532731        123.607223476        91.6320541761        lh_precentral_1_2             
96           19.0068              2.75254              8.70664              98.7405857741        121.767782427        95.2468619247        lh_superiorfrontal_4_9        
97           20.021               2.78975              8.60266              105.495774648        100.890140845        94.738028169         rh_superiorfrontal_4_7        
98           22.3976              2.795                8.37832              104.408560311        104.095979248        68.6368352789        rh_posteriorcingulate_1_1     
99           24.2806              2.82292              8.21687              103.47746884         116.404602109        86.4745925216        lh_superiorfrontal_4_8        
100          19.9929              2.83183              8.60547              100.570469799        102.88590604         85.2651006711        rh_superiorfrontal_3_6        
101          12.0375              2.86944              9.62018              119.930662558        102.645608629        82.001540832         rh_paracentral_1_2            
102          25.8454              2.88074              8.09197              118.21124031         94.6501937984        91.2519379845        rh_precentral_3_6             
103          30.0463              2.89741              7.79075              129.1168             122.112              90.5216              lh_precentral_1_1             
104          21.5218              2.90492              8.45809              133.931623932        116.32991453         91.4034188034        lh_paracentral_1_1            
105          23.2288              2.92244              8.30544              120.381596752        103.936400541        59.6941813261        rh_posteriorcingulate_1_2     
106          15.7283              2.92989              9.0853               133.078610603        99.9213893967        72.6910420475        rh_paracentral_1_3            
107          19.1035              2.93057              8.69649              128.612028302        118.444575472        77.1379716981        lh_paracentral_1_2            
108          17.5658              2.94759              8.86432              138.311512415        102.93227991         87.5124153499        rh_paracentral_1_1            
109          19.2734              2.95094              8.67877              143.948220065        123.899676375        92.5614886731        lh_postcentral_1_1            
110          21.4998              2.99102              8.46014              146.640893471        101.392611684        73.2878006873        rh_precuneus_2_5              
111          18.6382              3.0077               8.7458               143.333694475        120.085590466        65.1776814735        lh_precuneus_1_2              
112          30.0771              3.01968              7.7887               156.25250501         118.358717435        73.9709418838        lh_precuneus_1_1              
113          20.2262              3.06668              8.58227              149.737967914        102.142602496        43.9286987522        rh_precuneus_1_2              
114          24.5201              3.11242              8.19724              73.3109004739        103.730805687        65.2549763033        rh_caudalanteriorcingulate_1_1
115          32.101               3.11785              7.65845              108.880715706        115.463220676        61.3737574553        lh_posteriorcingulate_1_1     
116          23.7261              3.12805              8.26308              65.3876765083        118.250320924        70.863928113         lh_superiorfrontal_2_4        
117          28.9269              3.16509              7.86668              77.3353057199        115.660749507        63.4240631164        lh_caudalanteriorcingulate_1_1
118          26.3028              3.18516              8.05688              46.4539877301        119.625766871        59.4867075665        lh_superiorfrontal_1_2        
119          19.1241              3.1923               8.69433              120.777580071        117.830960854        65.615658363         lh_posteriorcingulate_1_2     
120          33.7493              3.21712              7.55831              78.7635239567        117.984544049        29.9026275116        lh_accumbensarea              
121          20.7471              3.22345              8.53142              55.2956656347        116.904024768        42.0959752322        lh_rostralanteriorcingulate_1_1
122          22.5835              3.26358              8.36179              51.6321353066        117.209302326        25.5570824524        lh_medialorbitofrontal_1_2    
123          16.9766              3.29476              8.93255              66.8                 102.25               24.3538461538        rh_medialorbitofrontal_2_3    
124          38.7087              3.29784              7.2841               78.4309799789        102.874604847        30.7681770285        rh_accumbensarea              
125          25.211               3.3268               8.14167              51.5211459754        104.487039563        23.5334242838        rh_medialorbitofrontal_2_2    
126          22.3692              3.33546              8.38086              53.6827586207        103.226206897        43.9862068966        rh_rostralanteriorcingulate_1_1
127          29.5221              3.34447              7.82595              37.806372549         101.12745098         37.0833333333        rh_medialorbitofrontal_1_1    
128          25.1525              3.37586              8.14632              37.2760814249        119.139949109        40.8905852417        lh_medialorbitofrontal_1_1    
129          22.6463              3.39837              8.35624              24.5986394558        119.870748299        43.1462585034        lh_frontalpole_1_1            
130          50.3994              3.4106               6.75627              35.6393146979        99.042380523         53.303877367         rh_superiorfrontal_1_1        
131          37.6456              3.44177              7.3398               30.4171597633        121.105029586        59.6597633136        lh_superiorfrontal_1_1        
132          20.7437              3.44554              8.53174              25.1647058824        99.7117647059        41.6235294118        rh_frontalpole_1_1            
133          71.799               3.55253              6.04849              84.1931170108        121.08574238         45.7803343166        lh_caudate                    
134          48.3175              3.65515              6.84064              37.5816572808        142.96460177         48.4183427192        lh_rostralmiddlefrontal_3_5   
135          49.5761              3.67964              6.78921              42.5267284391        136.782608696        64.3941553813        lh_rostralmiddlefrontal_2_4   
136          25.0652              3.68332              8.15327              57.4476885645        144.429845904        63.6244931062        lh_rostralmiddlefrontal_2_3   
137          45.2786              3.68692              6.97056              77.3573667712        151.445141066        70.4984326019        lh_rostralmiddlefrontal_1_1   
138          34.2185              3.69278              7.5307               66.5560141509        136.973466981        77.054245283         lh_rostralmiddlefrontal_1_2   
139          33.7895              3.77106              7.55593              71.154233871         152.816532258        55.3397177419        lh_parsopercularis_1_1        
140          33.6672              3.79405              7.56318              56.493407356         151.424705066        49.8445523942        lh_parstriangularis_1_1       
141          13.2543              3.82504              9.42758              78.4566929134        138.047244094        47.249343832         lh_insula_2_4                 
142          35.9277              3.84489              7.43321              91.199023199         141.301587302        81.1892551893        lh_caudalmiddlefrontal_1_1    
143          44.0498              3.85235              7.02559              97.3639661427        134.558645707        89.6783555018        lh_caudalmiddlefrontal_1_3    
144          42.7123              3.91119              7.08725              78.8920664207        155.485239852        51.5590405904        lh_parsopercularis_1_2        
145          31.2513              3.91604              7.7121               94.7078353254        140.573705179        73.2616201859        lh_caudalmiddlefrontal_1_2    
146          70.1998              3.91837              6.09354              111.078108703        120.867307915        36.3526480473        lh_thalamusproper             
147          82.4548              3.92788              5.77173              94.1772321429        128.213392857        32.2142857143        lh_pallidum                   
148          32.3957              3.96548              7.64018              110.269662921        144.211610487        84.9232209738        lh_precentral_3_5             
149          59.1216              4.01389              6.43703              152.741644083        128.579042457        78.4733514002        lh_superiorparietal_1_1       
150          21.1678              4.07562              8.49127              135.419106317        133.460708783        86.4391371341        lh_postcentral_1_2            
151          32.2078              4.11487              7.65181              123.034205231        132.507042254        92.1810865191        lh_precentral_2_3             
152          56.341               4.16319              6.53338              169.630669546        127.332613391        72.6328293737        lh_superiorparietal_2_4       
153          32.7141              4.21843              7.62062              120.06227758         139.622775801        83.4306049822        lh_precentral_2_4             
154          39.4564              4.24202              7.24583              110.929443691        141.972862958        42.6852103121        lh_insula_1_1                 
155          36.459               4.24615              7.40385              170.220321932        144.481891348        54.338028169         lh_inferiorparietal_2_4       
156          33.6157              4.24717              7.56624              146.230105465        141.610738255        74.8715244487        lh_superiorparietal_1_2       
157          25.9766              4.25483              8.08183              160.064695009        136.439926063        62.8502772643        lh_superiorparietal_2_3       
158          15.1974              4.27346              9.15398              130.148648649        147.523341523        81.7800982801        lh_postcentral_2_3            
159          15.8465              4.32592              9.07034              119.792828685        148.836653386        78.3346613546        lh_postcentral_2_4            
160          24.9965              4.33478              8.15876              108.202496533        150.628294036        68.8876560333        lh_precentral_3_6             
161          14.82                4.3405               9.20427              139.264397906        149.034031414        68.1719022688        lh_supramarginal_2_5          
162          30.8414              4.36679              7.73851              145.100821509        158.622106049        60.3472740851        lh_supramarginal_2_4          
163          16.0628              4.36976              9.04321              104.66802444         162.649694501        60.8655804481        lh_postcentral_3_6            
164          14.5307              4.37461              9.2437               114.730769231        160.220512821        68.3243589744        lh_postcentral_3_5            
165          9.7242               4.42106              10.047               133.384493671        158.370253165        62.5806962025        lh_supramarginal_2_3          
166          12.4149              4.42469              9.55843              121.65403423         160.743276284        59.5097799511        lh_supramarginal_1_2          
167          15.1205              4.43921              9.16413              108.053359684        159.236166008        48.1432806324        lh_postcentral_3_7            
168          17.4271              4.45686              8.88018              131.773097826        162.17798913         35.9116847826        lh_bankssts_1_1               
169          10.115               4.46557              9.96819              125.616087751        152.619744059        51.0329067642        lh_supramarginal_1_1          
170          19.133               4.46831              8.6934               130.805970149        158.34079602         27.7114427861        lh_bankssts_1_2               
171          15.1267              4.49101              9.1633               129.258267717        161.683464567        43.5606299213        lh_superiortemporal_1_1       
172          24.4716              4.49515              8.2012               91.103196347         156.959817352        49.2666666667        lh_precentral_4_8             
173          18.8002              4.51353              8.72849              143.093057607        162.311669129        27.1107828656        lh_middletemporal_1_1         
174          17.337               4.51521              8.89054              95.6907706946        155.435775452        67.5404376784        lh_precentral_4_7             
175          28.759               4.53283              7.87833              121.781400966        164.980676329        22.2439613527        lh_middletemporal_1_2         
176          20.3196              4.57606              8.57306              150.973525872        152.419975933        45.7244283995        lh_inferiorparietal_2_3       
177          19.2623              4.60453              8.67993              124.913227513        160.624338624        11.0867724868        lh_inferiortemporal_2_3       
178          26.891               4.63026              8.01264              155.19223301         154.254368932        57.632038835         lh_inferiorparietal_2_5       
179          22.1566              4.6468               8.39996              156.768945022        150.845468053        37.9613670134        lh_inferiorparietal_1_2       
180          40.7385              4.65508              7.18188              142.22761194         159.640858209        14.9356343284        lh_inferiortemporal_2_4       
181          36.2327              4.77895              7.4163               117.343065693        159.37810219         36.5284671533        lh_superiortemporal_1_2       
182          22.3717              4.7869               8.38063              111.001795332        151.052064632        37.4955116697        lh_transversetemporal_1_1     
183          27.4826              4.80563              7.96912              175.100950119        146.603325416        36.2850356295        lh_inferiorparietal_1_1       
184          32.5327              4.80682              7.63174              159.712454212        153.090659341        23.1227106227        lh_lateraloccipital_2_4       
185          34.5774              4.80953              7.50982              103.017924528        164.759433962        17.2283018868        lh_middletemporal_2_3         
186          35.6336              4.81376              7.44965              104.913774974        163.173501577        30.3533123028        lh_superiortemporal_2_3       
187          34.6572              4.81813              7.50522              143.922868742        147.50338295         10.3031123139        lh_fusiform_1_2               
188          25.5204              4.82989              8.11727              110.168367347        156.602040816        8.51913265306        lh_inferiortemporal_1_2       
189          44.1246              4.9312               7.02219              92.9427036705        156.739480752        29.4610564011        lh_superiortemporal_2_4       
190          42.0384              4.94592              7.11906              130.54351145         139.972519084        12.0625954198        lh_fusiform_2_3               
191          44.4199              4.96481              7.00885              174.035532995        133.067258883        42.3388324873        lh_superiorparietal_3_6       
192          36.8245              4.98942              7.3839               105.626025791        144.805392732        7.87104337632        lh_fusiform_2_4               
193          23.1346              5.04323              8.31357              170.503800217        142.947882736        8.332247557          lh_lateraloccipital_2_5       
194          31.6909              5.09022              7.68417              177.646398503        141.945743686        17.5229186155        lh_lateraloccipital_2_3       
195          66.5326              5.10468              6.20084              80.5054704595        160.111597374        9.21663019694        lh_middletemporal_2_4         
196          45.5222              5.10844              6.95983              185.751633987        133.820261438        25.0163398693        lh_lateraloccipital_1_1       
197          20.8967              5.13946              8.51705              157.234122042        138.764632628        12.6388542964        lh_fusiform_1_1               
198          135.511              5.17471              4.77812              90.6787142857        134.367428571        35.2365714286        lh_putamen                    
199          39.0561              5.21361              7.26623              185.409032258        125.40516129         8.30580645161        lh_lateraloccipital_1_2       
200          46.4285              5.24288              6.9204               30.6481271283        133.592508513        42.6640181612        lh_rostralmiddlefrontal_3_6   
201          46.5416              5.26044              6.91553              95.3968531469        144.377622378        36.9405594406        lh_insula_1_2                 
202          32.3075              5.26482              7.64563              170.466341463        123.579512195        12.0507317073        lh_lingual_1_1                
203          27.794               5.28519              7.94658              63.7200854701        143.533119658        34.9273504274        lh_lateralorbitofrontal_1_2   
204          33.5681              5.29464              7.56908              52.1277860327        153.643387816        34.1812778603        lh_parsorbitalis_1_1          
205          24.5254              5.37942              8.1968               80.8888888889        143.384479718        33.8342151675        lh_insula_2_3                 
206          19.3135              5.43182              8.67462              64.8462603878        133.840720222        24.7299168975        lh_lateralorbitofrontal_1_1   
207          48.7443              5.45087              6.82305              36.2994555354        125.863883848        30.4918330309        lh_lateralorbitofrontal_2_4   
208          59.2393              5.47187              6.43306              50.4288964733        132.733788396        31.1183162685        lh_lateralorbitofrontal_2_3   
209          31.8644              5.49588              7.67325              71.3483412322        140.31042654         5.81990521327        lh_temporalpole_1_1           
210          69.2907              5.54068              6.11961              87.2646420824        153.544468547        3.40780911063        lh_inferiortemporal_1_1       
211          13.847               5.59307              9.34009              159.520097442        122.755176614        16.1412911084        lh_lingual_1_2                
212          67.1101              5.6198               6.18356              76.684676705         153.266607617        16.9636846767        lh_superiortemporal_2_5       
213          20.7797              5.62291              8.52827              139.89822294         130.05815832         19.8949919225        lh_lingual_2_4                
214          42.6769              5.67604              7.08891              151.423952096        123.610778443        22.8706586826        lh_lingual_2_3                
215          73.0259              5.68375              6.0146               186.837431694        127.75               40.6967213115        lh_superiorparietal_3_7       
216          35.5258              5.69605              7.45571              176.242444594        120.436534587        33.7273337811        lh_cuneus_1_1                 
217          60.7072              5.70426              6.3841               172.928571429        123.003210273        22.6340288925        lh_pericalcarine_1_1          
218          41.4447              5.7766               7.14751              91.5552256532        133.447149644        16.9168646081        lh_amygdala                   
219          19.7747              5.78524              8.62742              117.263871763        133.393341554        13.0184956843        lh_parahippocampal_1_1        
220          4.46416              5.79391              11.6041              91.6632825719        134.583756345        7.40947546531        lh_entorhinal_1_1             
221          46.8058              5.82323              6.90421              112.060594512        134.754382622        18.9822789634        lh_hyppocampus                
222          45.1824              5.88893              6.97481              156.580550098        125.610019646        35.9302554028        lh_precuneus_2_5              
223          41.4856              5.9654               7.14553              189.162721893        104.224852071        32.4723865878        rh_cuneus_1_2                 
224          37.2503              6.04165              7.36091              173.981521739        100.117391304        25.9630434783        rh_pericalcarine_1_1          
225          57.2386              6.05253              6.50177              149.475578406        94.9074550129        22.7692802057        rh_lingual_2_3                
226          22.0028              6.05312              8.41389              164.950060901        103.144945189        16.0828258222        rh_lingual_1_2                
227          54.4424              6.06408              6.60194              183.009057971        104.201086957        18.5887681159        rh_pericalcarine_1_2          
228          15.4793              6.14591              9.11722              90.2845953003        85.4673629243        7.72323759791        rh_entorhinal_1_1             
229          19.6962              6.15484              8.63538              120.24106113         88.5847750865        15.446366782         rh_parahippocampal_1_1        
230          69.5251              6.16466              6.11285              112.459754695        86.8227290149        20.144883097         rh_hyppocampus                
231          32.9178              6.18439              7.6082               159.659504132        93.441322314         37.3966942149        rh_precuneus_1_1              
232          16.7911              6.22094              8.95453              168.592885375        103.17259552         32.7312252964        rh_cuneus_1_1                 
